286
17146 20041 30260
17055 20041 30452
17055 20041 30644
17146 20041 30836
17338 20041 30171
17530 20041 30171
17722 20041 30260
17338 20041 30930
17530 20041 30930
17722 20041 30836
17824 20041 30452
17824 20041 30644
17146 20407 30260
17146 20407 30452
17146 20407 30644
17146 20407 30836
17338 20407 30260
17530 20407 30260
17722 20407 30260
17338 20407 30836
17530 20407 30836
17722 20407 30836
17723 20407 30452
17723 20407 30644
17146 20907 30260
17146 20907 30452
17146 20907 30644
17146 20907 30836
17338 20907 30260
17530 20907 30260
17722 20907 30260
17338 20907 30836
17530 20907 30836
17722 20907 30836
17723 20907 30452
17723 20907 30644
20106 21542 34547
20106 21542 34739
20106 21542 34931
20106 21542 35123
20298 21542 34547
20490 21542 34547
20682 21542 34547
20298 21542 35123
20490 21542 35123
20682 21542 35123
20683 21542 34739
20683 21542 34931
19846 21962 34317
19846 21962 34509
19846 21962 34701
19846 21962 34893
20038 21962 34317
20230 21962 34317
20422 21962 34317
20038 21962 34893
20230 21962 34893
20422 21962 34893
20423 21962 34509
20423 21962 34701
20536 22342 34697
20536 22342 34889
20536 22342 35081
20536 22342 35273
20728 22342 34697
20920 22342 34697
21112 22342 34697
20728 22342 35273
20920 22342 35273
21112 22342 35273
21113 22342 34889
21113 22342 35081
29516 22002 34262
29516 22002 34454
29516 22002 34841
29516 22002 35033
29708 22002 34262
30095 22002 34262
30287 22002 34262
29708 22002 35033
30095 22002 35033
30287 22002 35033
30288 22002 34454
30288 22002 34841
29900 22002 34262
29900 22002 35033
29516 22002 34649
30288 22002 34649
29903 22302 34649
30001 22494 34748
29809 22494 34748
30001 22494 34556
29809 22494 34556
30052 22815 34799
29762 22815 34795
30053 22815 34514
29762 22815 34509
30001 23093 34748
29809 23093 34748
30001 23093 34556
29809 23093 34556
29903 23312 34649
28310 18309 26930
28310 18309 27122
28310 18309 27506
28310 18309 27698
28502 18309 26930
28886 18309 26930
29078 18309 26930
28502 18309 27698
28886 18309 27698
29078 18309 27698
29079 18309 27122
29079 18309 27506
28694 18309 26930
28694 18309 27698
28310 18309 27314
29079 18309 27314
28310 18830 27122
28310 18830 27506
28502 18830 26930
28886 18830 26930
28502 18830 27698
28886 18830 27698
29079 18830 27122
29079 18830 27506
28694 18830 26930
28694 18830 27698
28310 18830 27314
29079 18830 27314
28310 19392 26930
28310 19392 27122
28310 19392 27506
28310 19392 27698
28502 19392 26930
28886 19392 26930
29078 19392 26930
28502 19392 27698
28886 19392 27698
29078 19392 27698
29079 19392 27122
29079 19392 27506
28694 19392 26930
28694 19392 27698
28310 19392 27314
29079 19392 27314
28694 19392 27319
28694 19199 27319
28694 19007 27319
28694 18814 27319
28694 18621 27319
28694 18428 27319
28694 19776 27319
28694 19583 27319
20910 18090 21335
20910 17897 21335
20910 17705 21335
20910 17512 21335
20910 17319 21335
20910 17126 21335
20910 18474 21335
20910 18281 21335
20910 18090 21585
20910 17897 21585
20910 17705 21585
20910 17512 21585
20910 17319 21585
20910 17126 21585
20910 18474 21585
20910 18281 21585
21150 18090 21335
21150 17897 21335
21150 17705 21335
21150 17512 21335
21150 17319 21335
21150 17126 21335
21150 18474 21335
21150 18281 21335
21150 18090 21585
21150 17897 21585
21150 17705 21585
21150 17512 21585
21150 17319 21585
21150 17126 21585
21150 18474 21585
21150 18281 21585
28076 18090 22623
28076 17897 22623
28076 17705 22623
28076 17512 22623
28076 17319 22623
28076 17126 22623
28076 18474 22623
28076 18281 22623
28076 18090 22873
28076 17897 22873
28076 17705 22873
28076 17512 22873
28076 17319 22873
28076 17126 22873
28076 18474 22873
28076 18281 22873
28316 18090 22623
28316 17897 22623
28316 17705 22623
28316 17512 22623
28316 17319 22623
28316 17126 22623
28316 18474 22623
28316 18281 22623
28316 18090 22873
28316 17897 22873
28316 17705 22873
28316 17512 22873
28316 17319 22873
28316 17126 22873
28316 18474 22873
28316 18281 22873
16835 18090 22202
16835 17897 22202
16835 17705 22202
16835 17512 22202
16835 17319 22202
16835 17126 22202
16835 18281 22202
16835 18090 22452
16835 17897 22452
16835 17705 22452
16835 17512 22452
16835 17319 22452
16835 17126 22452
16835 18281 22452
17075 18090 22202
17075 17897 22202
17075 17705 22202
17075 17512 22202
17075 17319 22202
17075 17126 22202
17075 18281 22202
17075 18090 22452
17075 17897 22452
17075 17705 22452
17075 17512 22452
17075 17319 22452
17075 17126 22452
17075 18281 22452
28076 18666 22623
28076 18666 22873
28316 18666 22623
28316 18666 22873
23039 23280 17707
23039 23280 17899
23039 23280 18091
23039 23280 18283
23231 23280 17707
23423 23280 17707
23615 23280 17707
23231 23280 18283
23423 23280 18283
23615 23280 18283
23616 23280 17899
23616 23280 18091
23039 23735 17707
23039 23735 17899
23039 23735 18091
23039 23735 18283
23231 23735 17707
23423 23735 17707
23615 23735 17707
23231 23735 18283
23423 23735 18283
23615 23735 18283
23616 23735 17899
23616 23735 18091
23039 24214 17707
23039 24214 17899
23039 24214 18091
23039 24214 18283
23231 24214 17707
23423 24214 17707
23615 24214 17707
23231 24214 18283
23423 24214 18283
23615 24214 18283
23616 24214 17899
23616 24214 18091
