1056
17407 23151 32980
17535 23151 32980
17471 23151 32980
17599 23151 32980
17727 23151 32980
17663 23151 32980
17791 23151 32980
17919 23151 32980
17855 23151 32980
17983 23151 32980
18111 23151 32980
18047 23151 32980
17407 23151 33044
17535 23151 33044
17471 23151 33044
17599 23151 33044
17727 23151 33044
17663 23151 33044
17791 23151 33044
17919 23151 33044
17855 23151 33044
17983 23151 33044
18111 23151 33044
18047 23151 33044
17407 23151 33108
17535 23151 33108
17471 23151 33108
17599 23151 33108
17727 23151 33108
17663 23151 33108
17791 23151 33108
17919 23151 33108
17855 23151 33108
17983 23151 33108
18111 23151 33108
18047 23151 33108
17407 23151 33172
17535 23151 33172
17471 23151 33172
17599 23151 33172
17727 23151 33172
17663 23151 33172
17791 23151 33172
17919 23151 33172
17855 23151 33172
17983 23151 33172
18111 23151 33172
18047 23151 33172
17407 23151 33376
17535 23151 33376
17471 23151 33376
17599 23151 33376
17727 23151 33376
17663 23151 33376
17791 23151 33376
17919 23151 33376
17855 23151 33376
17983 23151 33376
18111 23151 33376
18047 23151 33376
17407 23151 33440
17535 23151 33440
17471 23151 33440
17599 23151 33440
17727 23151 33440
17663 23151 33440
17791 23151 33440
17919 23151 33440
17855 23151 33440
17983 23151 33440
18111 23151 33440
18047 23151 33440
17407 23151 33504
17535 23151 33504
17471 23151 33504
17599 23151 33504
17727 23151 33504
17663 23151 33504
17791 23151 33504
17919 23151 33504
17855 23151 33504
17983 23151 33504
18111 23151 33504
18047 23151 33504
17407 23151 33568
17535 23151 33568
17471 23151 33568
17599 23151 33568
17727 23151 33568
17663 23151 33568
17791 23151 33568
17919 23151 33568
17855 23151 33568
17983 23151 33568
18111 23151 33568
18047 23151 33568
17407 23215 32980
17535 23215 32980
17471 23215 32980
17599 23215 32980
17727 23215 32980
17663 23215 32980
17791 23215 32980
17919 23215 32980
17855 23215 32980
17983 23215 32980
18111 23215 32980
18047 23215 32980
17407 23215 33044
17535 23215 33044
17471 23215 33044
17599 23215 33044
17727 23215 33044
17663 23215 33044
17791 23215 33044
17919 23215 33044
17855 23215 33044
17983 23215 33044
18111 23215 33044
18047 23215 33044
17407 23215 33108
17535 23215 33108
17471 23215 33108
17599 23215 33108
17727 23215 33108
17663 23215 33108
17791 23215 33108
17919 23215 33108
17855 23215 33108
17983 23215 33108
18111 23215 33108
18047 23215 33108
17407 23215 33172
17535 23215 33172
17471 23215 33172
17599 23215 33172
17727 23215 33172
17663 23215 33172
17791 23215 33172
17919 23215 33172
17855 23215 33172
17983 23215 33172
18111 23215 33172
18047 23215 33172
17407 23215 33376
17535 23215 33376
17471 23215 33376
17599 23215 33376
17727 23215 33376
17663 23215 33376
17791 23215 33376
17919 23215 33376
17855 23215 33376
17983 23215 33376
18111 23215 33376
18047 23215 33376
17407 23215 33440
17535 23215 33440
17471 23215 33440
17599 23215 33440
17727 23215 33440
17663 23215 33440
17791 23215 33440
17919 23215 33440
17855 23215 33440
17983 23215 33440
18111 23215 33440
18047 23215 33440
17407 23215 33504
17535 23215 33504
17471 23215 33504
17599 23215 33504
17727 23215 33504
17663 23215 33504
17791 23215 33504
17919 23215 33504
17855 23215 33504
17983 23215 33504
18111 23215 33504
18047 23215 33504
17407 23215 33568
17535 23215 33568
17471 23215 33568
17599 23215 33568
17727 23215 33568
17663 23215 33568
17791 23215 33568
17919 23215 33568
17855 23215 33568
17983 23215 33568
18111 23215 33568
18047 23215 33568
17407 23279 32980
17535 23279 32980
17471 23279 32980
17599 23279 32980
17727 23279 32980
17663 23279 32980
17791 23279 32980
17919 23279 32980
17855 23279 32980
17983 23279 32980
18111 23279 32980
18047 23279 32980
17407 23279 33044
17535 23279 33044
17471 23279 33044
17599 23279 33044
17727 23279 33044
17663 23279 33044
17791 23279 33044
17919 23279 33044
17855 23279 33044
17983 23279 33044
18111 23279 33044
18047 23279 33044
17407 23279 33108
17535 23279 33108
17471 23279 33108
17599 23279 33108
17727 23279 33108
17663 23279 33108
17791 23279 33108
17919 23279 33108
17855 23279 33108
17983 23279 33108
18111 23279 33108
18047 23279 33108
17407 23279 33172
17535 23279 33172
17471 23279 33172
17599 23279 33172
17727 23279 33172
17663 23279 33172
17791 23279 33172
17919 23279 33172
17855 23279 33172
17983 23279 33172
18111 23279 33172
18047 23279 33172
17407 23279 33376
17535 23279 33376
17471 23279 33376
17599 23279 33376
17727 23279 33376
17663 23279 33376
17791 23279 33376
17919 23279 33376
17855 23279 33376
17983 23279 33376
18111 23279 33376
18047 23279 33376
17407 23279 33440
17535 23279 33440
17471 23279 33440
17599 23279 33440
17727 23279 33440
17663 23279 33440
17791 23279 33440
17919 23279 33440
17855 23279 33440
17983 23279 33440
18111 23279 33440
18047 23279 33440
17407 23279 33504
17535 23279 33504
17471 23279 33504
17599 23279 33504
17727 23279 33504
17663 23279 33504
17791 23279 33504
17919 23279 33504
17855 23279 33504
17983 23279 33504
18111 23279 33504
18047 23279 33504
17407 23279 33568
17535 23279 33568
17471 23279 33568
17599 23279 33568
17727 23279 33568
17663 23279 33568
17791 23279 33568
17919 23279 33568
17855 23279 33568
17983 23279 33568
18111 23279 33568
18047 23279 33568
17407 23343 32980
17535 23343 32980
17471 23343 32980
17599 23343 32980
17727 23343 32980
17663 23343 32980
17791 23343 32980
17919 23343 32980
17855 23343 32980
17983 23343 32980
18111 23343 32980
18047 23343 32980
17407 23343 33044
17535 23343 33044
17471 23343 33044
17599 23343 33044
17727 23343 33044
17663 23343 33044
17791 23343 33044
17919 23343 33044
17855 23343 33044
17983 23343 33044
18111 23343 33044
18047 23343 33044
17407 23343 33108
17535 23343 33108
17471 23343 33108
17599 23343 33108
17727 23343 33108
17663 23343 33108
17791 23343 33108
17919 23343 33108
17855 23343 33108
17983 23343 33108
18111 23343 33108
18047 23343 33108
17407 23343 33172
17535 23343 33172
17471 23343 33172
17599 23343 33172
17727 23343 33172
17663 23343 33172
17791 23343 33172
17919 23343 33172
17855 23343 33172
17983 23343 33172
18111 23343 33172
18047 23343 33172
17407 23343 33376
17535 23343 33376
17471 23343 33376
17599 23343 33376
17727 23343 33376
17663 23343 33376
17791 23343 33376
17919 23343 33376
17855 23343 33376
17983 23343 33376
18111 23343 33376
18047 23343 33376
17407 23343 33440
17535 23343 33440
17471 23343 33440
17599 23343 33440
17727 23343 33440
17663 23343 33440
17791 23343 33440
17919 23343 33440
17855 23343 33440
17983 23343 33440
18111 23343 33440
18047 23343 33440
17407 23343 33504
17535 23343 33504
17471 23343 33504
17599 23343 33504
17727 23343 33504
17663 23343 33504
17791 23343 33504
17919 23343 33504
17855 23343 33504
17983 23343 33504
18111 23343 33504
18047 23343 33504
17407 23343 33568
17535 23343 33568
17471 23343 33568
17599 23343 33568
17727 23343 33568
17663 23343 33568
17791 23343 33568
17919 23343 33568
17855 23343 33568
17983 23343 33568
18111 23343 33568
18047 23343 33568
17407 23407 32980
17535 23407 32980
17471 23407 32980
17599 23407 32980
17727 23407 32980
17663 23407 32980
17791 23407 32980
17919 23407 32980
17855 23407 32980
17983 23407 32980
18111 23407 32980
18047 23407 32980
17407 23407 33044
17535 23407 33044
17471 23407 33044
17599 23407 33044
17727 23407 33044
17663 23407 33044
17791 23407 33044
17919 23407 33044
17855 23407 33044
17983 23407 33044
18111 23407 33044
18047 23407 33044
17407 23407 33108
17535 23407 33108
17471 23407 33108
17599 23407 33108
17727 23407 33108
17663 23407 33108
17791 23407 33108
17919 23407 33108
17855 23407 33108
17983 23407 33108
18111 23407 33108
18047 23407 33108
17407 23407 33172
17535 23407 33172
17471 23407 33172
17599 23407 33172
17727 23407 33172
17663 23407 33172
17791 23407 33172
17919 23407 33172
17855 23407 33172
17983 23407 33172
18111 23407 33172
18047 23407 33172
17407 23407 33376
17535 23407 33376
17471 23407 33376
17599 23407 33376
17727 23407 33376
17663 23407 33376
17791 23407 33376
17919 23407 33376
17855 23407 33376
17983 23407 33376
18111 23407 33376
18047 23407 33376
17407 23407 33440
17535 23407 33440
17471 23407 33440
17599 23407 33440
17727 23407 33440
17663 23407 33440
17791 23407 33440
17919 23407 33440
17855 23407 33440
17983 23407 33440
18111 23407 33440
18047 23407 33440
17407 23407 33504
17535 23407 33504
17471 23407 33504
17599 23407 33504
17727 23407 33504
17663 23407 33504
17791 23407 33504
17919 23407 33504
17855 23407 33504
17983 23407 33504
18111 23407 33504
18047 23407 33504
17407 23407 33568
17535 23407 33568
17471 23407 33568
17599 23407 33568
17727 23407 33568
17663 23407 33568
17791 23407 33568
17919 23407 33568
17855 23407 33568
17983 23407 33568
18111 23407 33568
18047 23407 33568
17407 23471 32980
17535 23471 32980
17471 23471 32980
17599 23471 32980
17727 23471 32980
17663 23471 32980
17791 23471 32980
17919 23471 32980
17855 23471 32980
17983 23471 32980
18111 23471 32980
18047 23471 32980
17407 23471 33044
17535 23471 33044
17471 23471 33044
17599 23471 33044
17727 23471 33044
17663 23471 33044
17791 23471 33044
17919 23471 33044
17855 23471 33044
17983 23471 33044
18111 23471 33044
18047 23471 33044
17407 23471 33108
17535 23471 33108
17471 23471 33108
17599 23471 33108
17727 23471 33108
17663 23471 33108
17791 23471 33108
17919 23471 33108
17855 23471 33108
17983 23471 33108
18111 23471 33108
18047 23471 33108
17407 23471 33172
17535 23471 33172
17471 23471 33172
17599 23471 33172
17727 23471 33172
17663 23471 33172
17791 23471 33172
17919 23471 33172
17855 23471 33172
17983 23471 33172
18111 23471 33172
18047 23471 33172
17407 23471 33376
17535 23471 33376
17471 23471 33376
17599 23471 33376
17727 23471 33376
17663 23471 33376
17791 23471 33376
17919 23471 33376
17855 23471 33376
17983 23471 33376
18111 23471 33376
18047 23471 33376
17407 23471 33440
17535 23471 33440
17471 23471 33440
17599 23471 33440
17727 23471 33440
17663 23471 33440
17791 23471 33440
17919 23471 33440
17855 23471 33440
17983 23471 33440
18111 23471 33440
18047 23471 33440
17407 23471 33504
17535 23471 33504
17471 23471 33504
17599 23471 33504
17727 23471 33504
17663 23471 33504
17791 23471 33504
17919 23471 33504
17855 23471 33504
17983 23471 33504
18111 23471 33504
18047 23471 33504
17407 23471 33568
17535 23471 33568
17471 23471 33568
17599 23471 33568
17727 23471 33568
17663 23471 33568
17791 23471 33568
17919 23471 33568
17855 23471 33568
17983 23471 33568
18111 23471 33568
18047 23471 33568
17407 23535 32980
17535 23535 32980
17471 23535 32980
17599 23535 32980
17727 23535 32980
17663 23535 32980
17791 23535 32980
17919 23535 32980
17855 23535 32980
17983 23535 32980
18111 23535 32980
18047 23535 32980
17407 23535 33044
17535 23535 33044
17471 23535 33044
17599 23535 33044
17727 23535 33044
17663 23535 33044
17791 23535 33044
17919 23535 33044
17855 23535 33044
17983 23535 33044
18111 23535 33044
18047 23535 33044
17407 23535 33108
17535 23535 33108
17471 23535 33108
17599 23535 33108
17727 23535 33108
17663 23535 33108
17791 23535 33108
17919 23535 33108
17855 23535 33108
17983 23535 33108
18111 23535 33108
18047 23535 33108
17407 23535 33172
17535 23535 33172
17471 23535 33172
17599 23535 33172
17727 23535 33172
17663 23535 33172
17791 23535 33172
17919 23535 33172
17855 23535 33172
17983 23535 33172
18111 23535 33172
18047 23535 33172
17407 23535 33376
17535 23535 33376
17471 23535 33376
17599 23535 33376
17727 23535 33376
17663 23535 33376
17791 23535 33376
17919 23535 33376
17855 23535 33376
17983 23535 33376
18111 23535 33376
18047 23535 33376
17407 23535 33440
17535 23535 33440
17471 23535 33440
17599 23535 33440
17727 23535 33440
17663 23535 33440
17791 23535 33440
17919 23535 33440
17855 23535 33440
17983 23535 33440
18111 23535 33440
18047 23535 33440
17407 23535 33504
17535 23535 33504
17471 23535 33504
17599 23535 33504
17727 23535 33504
17663 23535 33504
17791 23535 33504
17919 23535 33504
17855 23535 33504
17983 23535 33504
18111 23535 33504
18047 23535 33504
17407 23535 33568
17535 23535 33568
17471 23535 33568
17599 23535 33568
17727 23535 33568
17663 23535 33568
17791 23535 33568
17919 23535 33568
17855 23535 33568
17983 23535 33568
18111 23535 33568
18047 23535 33568
17407 23599 32980
17535 23599 32980
17471 23599 32980
17599 23599 32980
17727 23599 32980
17663 23599 32980
17791 23599 32980
17919 23599 32980
17855 23599 32980
17983 23599 32980
18111 23599 32980
18047 23599 32980
17407 23599 33044
17535 23599 33044
17471 23599 33044
17599 23599 33044
17727 23599 33044
17663 23599 33044
17791 23599 33044
17919 23599 33044
17855 23599 33044
17983 23599 33044
18111 23599 33044
18047 23599 33044
17407 23599 33108
17535 23599 33108
17471 23599 33108
17599 23599 33108
17727 23599 33108
17663 23599 33108
17791 23599 33108
17919 23599 33108
17855 23599 33108
17983 23599 33108
18111 23599 33108
18047 23599 33108
17407 23599 33172
17535 23599 33172
17471 23599 33172
17599 23599 33172
17727 23599 33172
17663 23599 33172
17791 23599 33172
17919 23599 33172
17855 23599 33172
17983 23599 33172
18111 23599 33172
18047 23599 33172
17407 23599 33376
17535 23599 33376
17471 23599 33376
17599 23599 33376
17727 23599 33376
17663 23599 33376
17791 23599 33376
17919 23599 33376
17855 23599 33376
17983 23599 33376
18111 23599 33376
18047 23599 33376
17407 23599 33440
17535 23599 33440
17471 23599 33440
17599 23599 33440
17727 23599 33440
17663 23599 33440
17791 23599 33440
17919 23599 33440
17855 23599 33440
17983 23599 33440
18111 23599 33440
18047 23599 33440
17407 23599 33504
17535 23599 33504
17471 23599 33504
17599 23599 33504
17727 23599 33504
17663 23599 33504
17791 23599 33504
17919 23599 33504
17855 23599 33504
17983 23599 33504
18111 23599 33504
18047 23599 33504
17407 23599 33568
17535 23599 33568
17471 23599 33568
17599 23599 33568
17727 23599 33568
17663 23599 33568
17791 23599 33568
17919 23599 33568
17855 23599 33568
17983 23599 33568
18111 23599 33568
18047 23599 33568
17407 23663 32980
17535 23663 32980
17471 23663 32980
17599 23663 32980
17727 23663 32980
17663 23663 32980
17791 23663 32980
17919 23663 32980
17855 23663 32980
17983 23663 32980
18111 23663 32980
18047 23663 32980
17407 23663 33044
17535 23663 33044
17471 23663 33044
17599 23663 33044
17727 23663 33044
17663 23663 33044
17791 23663 33044
17919 23663 33044
17855 23663 33044
17983 23663 33044
18111 23663 33044
18047 23663 33044
17407 23663 33108
17535 23663 33108
17471 23663 33108
17599 23663 33108
17727 23663 33108
17663 23663 33108
17791 23663 33108
17919 23663 33108
17855 23663 33108
17983 23663 33108
18111 23663 33108
18047 23663 33108
17407 23663 33172
17535 23663 33172
17471 23663 33172
17599 23663 33172
17727 23663 33172
17663 23663 33172
17791 23663 33172
17919 23663 33172
17855 23663 33172
17983 23663 33172
18111 23663 33172
18047 23663 33172
17407 23663 33376
17535 23663 33376
17471 23663 33376
17599 23663 33376
17727 23663 33376
17663 23663 33376
17791 23663 33376
17919 23663 33376
17855 23663 33376
17983 23663 33376
18111 23663 33376
18047 23663 33376
17407 23663 33440
17535 23663 33440
17471 23663 33440
17599 23663 33440
17727 23663 33440
17663 23663 33440
17791 23663 33440
17919 23663 33440
17855 23663 33440
17983 23663 33440
18111 23663 33440
18047 23663 33440
17407 23663 33504
17535 23663 33504
17471 23663 33504
17599 23663 33504
17727 23663 33504
17663 23663 33504
17791 23663 33504
17919 23663 33504
17855 23663 33504
17983 23663 33504
18111 23663 33504
18047 23663 33504
17407 23663 33568
17535 23663 33568
17471 23663 33568
17599 23663 33568
17727 23663 33568
17663 23663 33568
17791 23663 33568
17919 23663 33568
17855 23663 33568
17983 23663 33568
18111 23663 33568
18047 23663 33568
17407 23727 32980
17535 23727 32980
17471 23727 32980
17599 23727 32980
17727 23727 32980
17663 23727 32980
17791 23727 32980
17919 23727 32980
17855 23727 32980
17983 23727 32980
18111 23727 32980
18047 23727 32980
17407 23727 33044
17535 23727 33044
17471 23727 33044
17599 23727 33044
17727 23727 33044
17663 23727 33044
17791 23727 33044
17919 23727 33044
17855 23727 33044
17983 23727 33044
18111 23727 33044
18047 23727 33044
17407 23727 33108
17535 23727 33108
17471 23727 33108
17599 23727 33108
17727 23727 33108
17663 23727 33108
17791 23727 33108
17919 23727 33108
17855 23727 33108
17983 23727 33108
18111 23727 33108
18047 23727 33108
17407 23727 33172
17535 23727 33172
17471 23727 33172
17599 23727 33172
17727 23727 33172
17663 23727 33172
17791 23727 33172
17919 23727 33172
17855 23727 33172
17983 23727 33172
18111 23727 33172
18047 23727 33172
17407 23727 33376
17535 23727 33376
17471 23727 33376
17599 23727 33376
17727 23727 33376
17663 23727 33376
17791 23727 33376
17919 23727 33376
17855 23727 33376
17983 23727 33376
18111 23727 33376
18047 23727 33376
17407 23727 33440
17535 23727 33440
17471 23727 33440
17599 23727 33440
17727 23727 33440
17663 23727 33440
17791 23727 33440
17919 23727 33440
17855 23727 33440
17983 23727 33440
18111 23727 33440
18047 23727 33440
17407 23727 33504
17535 23727 33504
17471 23727 33504
17599 23727 33504
17727 23727 33504
17663 23727 33504
17791 23727 33504
17919 23727 33504
17855 23727 33504
17983 23727 33504
18111 23727 33504
18047 23727 33504
17407 23727 33568
17535 23727 33568
17471 23727 33568
17599 23727 33568
17727 23727 33568
17663 23727 33568
17791 23727 33568
17919 23727 33568
17855 23727 33568
17983 23727 33568
18111 23727 33568
18047 23727 33568
17407 23791 32980
17535 23791 32980
17471 23791 32980
17599 23791 32980
17727 23791 32980
17663 23791 32980
17791 23791 32980
17919 23791 32980
17855 23791 32980
17983 23791 32980
18111 23791 32980
18047 23791 32980
17407 23791 33044
17535 23791 33044
17471 23791 33044
17599 23791 33044
17727 23791 33044
17663 23791 33044
17791 23791 33044
17919 23791 33044
17855 23791 33044
17983 23791 33044
18111 23791 33044
18047 23791 33044
17407 23791 33108
17535 23791 33108
17471 23791 33108
17599 23791 33108
17727 23791 33108
17663 23791 33108
17791 23791 33108
17919 23791 33108
17855 23791 33108
17983 23791 33108
18111 23791 33108
18047 23791 33108
17407 23791 33172
17535 23791 33172
17471 23791 33172
17599 23791 33172
17727 23791 33172
17663 23791 33172
17791 23791 33172
17919 23791 33172
17855 23791 33172
17983 23791 33172
18111 23791 33172
18047 23791 33172
17407 23791 33376
17535 23791 33376
17471 23791 33376
17599 23791 33376
17727 23791 33376
17663 23791 33376
17791 23791 33376
17919 23791 33376
17855 23791 33376
17983 23791 33376
18111 23791 33376
18047 23791 33376
17407 23791 33440
17535 23791 33440
17471 23791 33440
17599 23791 33440
17727 23791 33440
17663 23791 33440
17791 23791 33440
17919 23791 33440
17855 23791 33440
17983 23791 33440
18111 23791 33440
18047 23791 33440
17407 23791 33504
17535 23791 33504
17471 23791 33504
17599 23791 33504
17727 23791 33504
17663 23791 33504
17791 23791 33504
17919 23791 33504
17855 23791 33504
17983 23791 33504
18111 23791 33504
18047 23791 33504
17407 23791 33568
17535 23791 33568
17471 23791 33568
17599 23791 33568
17727 23791 33568
17663 23791 33568
17791 23791 33568
17919 23791 33568
17855 23791 33568
17983 23791 33568
18111 23791 33568
18047 23791 33568
